x,y
-9.34063054388389,5.74854220303332
-8.31865635351278,-7.21637272032167
-9.14845052291639,-4.0280861449348
-5.53448849357665,-13.0943212014324
-9.0251532534603,0.47522158451045
-7.93020323151723,20.5275962206811
-8.83440575213172,-7.29275605504731
-6.45896576577798,-17.3409597420015
-5.248131477274,-14.7784180679728
-6.28610069863498,-14.8673379157486
-5.08349360898137,2.09340943686562
-7.79390924493782,-7.64977914500953
-7.26185540435836,-9.4552622881541
-6.87685776036233,-4.42746744748263
-9.11949182162061,-14.6206286758174
-5.96177024883218,-14.5333240275618
-7.28483733139001,18.120177605603
-9.09210312296636,-7.2787594519589
-7.08892232156359,1.472487806041
-9.33892487897538,-2.52265101773701
-9.50646839803085,1.27579088374571
-7.95172059210017,-1.80133380151183
-9.00275610620156,-10.8571691426283
-7.54737004055642,-4.20931005016693
-7.15915896347724,4.31053350788017
-5.42666030814871,-7.51503631159076
-8.65264522843063,20.8334520900525
-8.16936074872501,-38.3765950754292
-7.68329815706238,-5.60316331570045
-9.00495871552266,7.18800945804487
-5.18480746424757,2.3538466428785
-7.61894102673978,-15.6736756723131
-6.99297805549577,-9.17986282041875
-9.45962370489724,-9.32650299710632
-8.86948186904192,-7.83582457600565
-9.8862158425618,-13.7223503731526
-8.67049057967961,-6.12179496313396
-9.96120408177376,10.561268242493
-9.67050964361988,0.342665337381875
-6.33513681124896,19.5167755386182
2.98223657533526,1.33667464856228
-3.68457159260288,4.38632336556601
3.46321087097749,18.0483673847475
-4.29660512134433,-11.6411977901467
-3.46794239478186,3.49488678183191
3.30320784356445,6.05918956641581
4.99733472708613,6.02435963179096
2.07481489749625,7.1275010122866
3.42900489224121,5.31143873721009
-2.50589710427448,-1.45204859434281
-0.193492127582431,2.98146530527078
-3.33340820623562,3.84361175857993
3.16377473296598,3.86718499982201
-1.35932425968349,-0.359010267602282
4.32995239971206,5.92645419107877
0.850367918610573,2.54453465702274
-0.734009412117302,2.50046620812471
-0.611855145543814,2.74439756796854
-0.341467882972211,2.97357140867681
-1.09340051189065,2.30269844598114
5.58642511954531,11.7112708989333
7.55146318348125,16.8578789558755
9.03278019046411,3.35765996502889
5.82218850846402,7.93557474681057
9.86682774382643,6.22926023181748
5.71675235405564,10.4566154494339
7.56585664348677,13.2496745506657
9.91277441149577,-23.7741591145782
8.73105962877162,1.52098652385686
6.65057106176391,5.38737848290793
5.37608811748214,16.5824664353163
8.48112201783806,18.9451902682502
6.74323748447932,2.92528183982648
8.75319442129694,31.7276029949805
9.64377318741754,20.103996578733
5.63720953417942,-2.73937928901679
6.82364546810277,12.1262048195999
7.14692214503884,23.5250285160027
9.02121880673803,20.5607511391205
6.99338588048704,20.314156333798
5.51480824011378,10.5098538321117
6.38242237037048,-5.88902585701624
8.15758367883973,25.9455928979366
8.99233541218564,-1.42523609269316
7.93301266734488,4.74907739403219
5.44421303318813,4.22347388149182
8.5167145030573,5.02863323434631
5.75399341643788,10.1230952476514
7.72091420716606,10.7112147130465
9.69569756067358,8.43987865962929
7.32742320629768,13.237562037975
6.09029007260688,4.54462966955798
7.32385916635394,6.33212527454228
8.44817732926458,18.8221491193932
8.37997804628685,2.41238146133452
5.18032777239569,10.5149102621603
7.29662390775047,-14.4251782432585
9.66632362222299,20.2949328945818
9.64503027382307,28.763548228284
6.30410830373876,3.30182010037554
