x,y
0.83998184511438,2.23792019999466
0.195107396226376,0.617657551765014
-0.0597859742119908,0.949400497142022
0.100716333370656,0.922500748126903
-0.924655105918646,-0.0949180718448126
-0.25619117775932,0.695269646099508
-0.680924032814801,1.50093427426085
-0.0776848099194467,0.92060029590481
0.700627648737282,2.17165128940789
0.143353374674916,0.73512396889815
0.432428340893239,0.721633599174287
0.406352143269032,0.413316339123169
0.885559031739831,2.91323170526075
-0.280540922656655,1.09928042970147
0.646266724914312,1.1244627815183
0.795227370690554,1.47429443486032
-0.245238221250474,1.08366754379161
0.524974533822387,1.15866243586626
-0.81020617717877,-0.165744918892383
-0.746563849970698,0.980174283341812
-0.638176848646253,5.53717498008491
-0.175255259498954,0.941520271506783
-0.998811121564358,-2.05296220293475
0.618604177609086,0.61253227289904
-0.959561535622925,4.59545674072334
0.940199475269765,1.71845972989606
0.70734207239002,1.32588394284159
0.595110151916742,1.29372307868581
0.603990179486573,-1.01034034519792
0.553614706266671,0.85649597938029
0.344727718736976,1.62411744186008
0.651959573384374,0.976909961654431
0.33278042357415,1.07480563513721
-0.222781018353999,1.1673751026383
0.0533378291875124,1.0956153600886
0.61536915646866,1.01493832022847
0.873110908083618,-0.288505593104294
0.0475620422512293,1.03497105330501
-0.134603186976165,1.15810633357826
-0.281946878414601,1.16367654256104
